## timestamp
2026-08-25T16:34:29.677522+00:00

## loadavg
1.53 1.19 1.02 3/1846 1764531

## uptime
15973701.78 244870630.69

## stat
cpu  573859970 106837 307852158 24487063069 8045058 0 51352716 0 0 0
cpu0 32735741 3902 22656420 1523803183 442492 0 42817089 0 0 0
cpu1 26539465 5616 11416959 1548253660 597658 0 5011562 0 0 0
cpu2 85109758 16297 49615051 1443596719 671794 0 737720 0 0 0
cpu3 85476609 23535 31161614 1469201305 772097 0 711016 0 0 0
cpu4 29600774 2911 20511976 1531016032 544167 0 344122 0 0 0
cpu5 19762835 3976 8159104 1560334790 737810 0 203953 0 0 0
cpu6 79795830 13340 46169638 1453205240 659881 0 76599 0 0 0
cpu7 82516960 21878 30258021 1474038473 786727 0 52978 0 0 0
cpu8 26342120 3094 16703684 1539821168 480957 0 52504 0 0 0
cpu9 17186660 2280 8077900 1560311847 586199 0 1188288 0 0 0
cpu10 18223890 1616 15055570 1552841125 338552 0 46528 0 0 0
cpu11 11913034 1496 6210297 1573312070 372179 0 25827 0 0 0
cpu12 19254872 2117 15069223 1551800661 286094 0 33092 0 0 0
cpu13 13165424 2005 7015214 1570964137 336273 0 15017 0 0 0
cpu14 15010286 1362 13190228 1560159831 212981 0 25230 0 0 0
cpu15 11225706 1406 6581252 1574402821 219190 0 11184 0 0 0
intr 72543827501 39 9 0 0 0 0 0 0 0 3179986 0 0 0 0 0 0 0 0 0 0 0 0 0 0 0 0 0 0 0 0 0 0 0 0 0 0 0 0 0 0 0 0 5488 5545 0 0 0 0 0 0 0 0 0 0 0 0 0 0 0 0 22 64745051 125843781 61191231 123875131 47209041 31169933 32125134 23644348 1252749967 0 5538 5545 0 0 0 0 0 0 0 0 0 0 0 0 0 0 0 0 0 209324385 0 0 0 0 0 0 0 0 9 0 0 0 0 0 0 0 0 0 0 0 0 0 0 2 0 80934 3447 6552091 0 0 0 0 0 0 0 0 0 0 0 0 0 0 0 0 0 0 0 0 0 0 0 0 0 0 0 0 0 0 0 0 0 0 0 0 0 0 0 0 0 0 0 0 0 0 0 0 0 0 0 0 0 0 0 0 0 0 0 0 0 0 0 0 0 0 0 0 0 0 0 0 0 0 0 0 0 0 0 0 0 0 0 0 0 0 0 0 0 0 0 0 0 0 0 0 0 0 0 0 0 0 0 0 0 0 0 0 0 0 0 0 0 0 0 0 0 0 0 0 0 0 0 0 0 0 0 0 0 0 0 0 0 0 0 0 0 0 0 0 0 0 0 0 0 0 0 0 0 0 0 0 0 0 0 0 0 0 0 0 0 0 0 0 0 0 0 0 0 0 0 0 0 0 0 0 0 0 0 0 0 0 0 0 0 0 0 0 0 0 0 0 0 0 0 0 0 0 0 0 0 0 0 0 0 0 0 0 0 0 0 0 0 0 0 0 0 0 0 0 0 0 0 0 0 0 0 0 0 0 0 0 0 0 0 0 0 0 0 0 0 0 0 0 0 0 0 0 0 0 0 0 0 0 0 0 0 0 0 0 0 0 0 0 0 0 0 0 0 0 0 0 0 0 0 0 0 0 0 0 0 0 0 0 0 0 0 0 0 0 0 0 0 0 0 0 0 0 0 0 0 0 0 0 0 0 0 0 0 0 0 0 0 0 0 0 0 0 0 0 0 0 0 0 0 0 0 0 0 0 0 0 0 0 0 0 0 0 0 0 0 0 0 0 0 0 0 0 0 0 0 0 0 0 0 0 0 0 0 0 0 0 0 0 0 0 0 0 0 0 0 0 0 0 0 0 0 0 0 0 0 0 0 0 0 0 0 0 0 0 0 0 0 0 0 0 0 0 0 0 0 0 0 0 0 0 0 0 0 0 0 0 0 0 0 0 0 0 0 0 0 0 0 0 0 0 0 0 0 0 0 0 0 0 0 0 0 0 0 0 0 0 0 0 0 0 0 0 0 0 0 0 0 0 0 0 0 0 0 0 0 0 0 0 0 0 0 0 0 0 0 0 0 0 0 0 0 0 0 0 0 0 0 0 0 0 0 0 0 0 0 0 0 0 0 0 0 0 0 0 0 0 0 0 0 0 0 0 0 0 0 0 0 0 0 0 0 0 0 0 0 0 0 0 0 0 0 0 0 0 0 0 0 0 0 0 0 0 0 0 0 0 0 0 0 0 0 0 0 0 0 0 0 0 0 0 0 0 0 0 0 0 0 0 0 0 0 0 0 0 0 0 0 0 0 0 0 0 0 0 0 0 0 0 0 0 0 0 0 0 0 0 0 0 0 0 0 0 0 0 0 0 0 0 0 0 0 0 0 0 0 0 0 0 0 0 0 0 0 0 0 0 0 0 0 0 0 0 0 0 0 0 0 0 0 0 0 0 0 0 0 0 0 0 0 0 0 0 0 0 0 0 0 0 0 0 0 0 0 0 0 0 0 0 0 0 0 0 0 0 0 0 0 0 0 0 0 0 0 0 0 0 0 0 0 0 0 0 0 0 0 0 0 0 0 0 0 0 0 0 0 0 0 0 0 0 0 0 0 0 0 0 0 0 0 0 0 0 0 0 0 0 0 0 0 0 0 0 0 0 0 0 0 0 0 0 0 0 0 0 0 0 0 0 0 0 0 0 0 0 0 0 0 0 0 0 0 0 0 0 0 0 0 0 0 0 0 0 0 0 0 0 0 0 0 0 0 0 0 0 0 0 0 0 0 0 0 0 0 0 0 0 0 0 0 0 0 0 0 0 0 0 0 0 0 0 0 0 0 0 0 0 0 0 0 0 0 0 0 0 0 0 0 0 0 0 0 0 0 0 0 0 0 0 0 0 0 0 0 0 0 0 0 0 0 0 0 0 0 0 0 0 0 0 0 0 0 0 0 0 0 0 0 0 0 0 0 0 0 0 0 0 0 0 0 0 0 0 0 0 0 0 0 0 0 0 0 0 0 0 0 0 0 0 0 0 0 0 0 0 0 0 0 0 0 0 0 0 0 0 0 0 0 0 0 0 0 0 0 0 0 0 0 0 0 0 0 0 0 0 0 0 0 0 0 0 0 0 0 0 0 0 0 0 0 0 0 0 0 0 0 0 0 0 0 0 0 0 0 0 0 0 0 0 0 0 0 0 0 0 0 0 0 0 0 0 0
ctxt 378109858843
btime 1771701967
processes 320413993
procs_running 2
procs_blocked 0
softirq 24617092810 268 2371846297 257291 2182904213 41 0 214438511 3419726592 203222 3542814487

## interrupts
CPU0       CPU1       CPU2       CPU3       CPU4       CPU5       CPU6       CPU7       CPU8       CPU9       CPU10      CPU11      CPU12      CPU13      CPU14      CPU15      
   0:         39          0          0          0          0          0          0          0          0          0          0          0          0          0          0          0  IR-IO-APIC    2-edge      timer
   1:          0          0          0          0          0          0          0          0          0          0          0          9          0          0          0          0  IR-IO-APIC    1-edge      i8042
   7:          0          0          0          0          0          0          0          0          0          0          0          0          0          0          0          0  IR-IO-APIC    7-fasteoi   pinctrl_amd
   8:          0          0          0          0          0          0          0          0          0          0          0          0          0          0          0          0  IR-IO-APIC    8-edge      rtc0
   9:          0    3179986          0          0          0          0          0          0          0          0          0          0          0          0          0          0  IR-IO-APIC    9-fasteoi   acpi
  24:          0          0          0          0          0          0          0          0          0          0          0          0          0          0          0          0  PCI-MSI-0000:00:00.2    0-edge      AMD-Vi
  25:          0          0          0          0          0          0          0          0          0          0          0          0          0          0          0          0  amd_gpio    0  ACPI:Event
  26:          0          0          0          0          0          0          0          0          0          0          0          0          0          0          0          0  amd_gpio   44  ACPI:Event
  27:          0          0          0          0          0          0          0          0          0          0          0          0          0          0          0          0  amd_gpio   61  ACPI:Event
  28:          0          0          0          0          0          0          0          0          0          0          0          0          0          0          0          0  amd_gpio   62  ACPI:Event
  29:          0          0          0          0          0          0          0          0          0          0          0          0          0          0          0          0  amd_gpio   58  ACPI:Event
  30:          0          0          0          0          0          0          0          0          0          0          0          0          0          0          0          0  amd_gpio   59  ACPI:Event
  31:          0          0          0          0          0          0          0          0          0          0          0          0          0          0          0          0  amd_gpio    3  ACPI:Event
  32:          0          0          0          0          0          0          0          0          0          0          0          0          0          0          0          0  amd_gpio   18  ACPI:Event
  33:          0          0          0          0          0          0          0          0          0          0          0          0          0          0          0          0  amd_gpio   24  ACPI:Event
  34:          0          0          0          0          0          0          0          0          0          0          0          0          0          0          0          0  IR-PCI-MSI-0000:00:01.2    0-edge      PCIe PME
  35:          0          0          0          0          0          0          0          0          0          0          0          0          0          0          0          0  IR-PCI-MSI-0000:00:02.1    0-edge      PCIe PME
  36:          0          0          0          0          0          0          0          0          0          0          0          0          0          0          0          0  IR-PCI-MSI-0000:00:02.2    0-edge      PCIe PME
  37:          0          0          0          0          0          0          0          0          0          0          0          0          0          0          0          0  IR-PCI-MSI-0000:00:03.1    0-edge      PCIe PME, aerdrv, pciehp
  38:          0          0          0          0          0          0          0          0          0          0          0          0          0          0          0          0  IR-PCI-MSI-0000:00:04.1    0-edge      PCIe PME, aerdrv, pciehp
  39:          0          0          0          0          0          0          0          0          0          0          0          0          0          0          0          0  IR-PCI-MSI-0000:00:08.1    0-edge      PCIe PME
  40:          0          0          0          0          0          0          0          0          0          0          0          0          0          0          0          0  IR-PCI-MSI-0000:00:08.3    0-edge      PCIe PME, aerdrv
  42:          0          0          0          0          0          0          0          0          0          0          0          0          0       5488          0          0  IR-PCI-MSIX-0000:65:00.5    0-edge      thunderbolt
  43:          0          0          0          0          0          0          0          0          0          0          0          0          0          0       5545          0  IR-PCI-MSIX-0000:65:00.5    1-edge      thunderbolt
  60:          0          0          0          0          0          0          0          0          0          0          0          0          0          0          0         22  IR-PCI-MSIX-0000:01:00.0    0-edge      nvme0q0
  61:          0   64745051          0          0          0          0          0          0          0          0          0          0          0          0          0          0  IR-PCI-MSIX-0000:01:00.0    1-edge      nvme0q1
  62:          0          0          0  125843781          0          0          0          0          0          0          0          0          0          0          0          0  IR-PCI-MSIX-0000:01:00.0    2-edge      nvme0q2
  63:          0          0          0          0          0   61191231          0          0          0          0          0          0          0          0          0          0  IR-PCI-MSIX-0000:01:00.0    3-edge      nvme0q3
  64:          0          0          0          0          0          0          0  123875131          0          0          0          0          0          0          0          0  IR-PCI-MSIX-0000:01:00.0    4-edge      nvme0q4
  65:          0          0          0          0          0          0          0          0          0   47209041          0          0          0          0          0          0  IR-PCI-MSIX-0000:01:00.0    5-edge      nvme0q5
  66:          0          0          0          0          0          0          0          0          0          0          0   31169933          0          0          0          0  IR-PCI-MSIX-0000:01:00.0    6-edge      nvme0q6
  67:          0          0          0          0          0          0          0          0          0          0          0          0          0   32125134          0          0  IR-PCI-MSIX-0000:01:00.0    7-edge      nvme0q7
  68:          0          0          0          0          0          0          0          0          0          0          0          0          0          0          0   23644348  IR-PCI-MSIX-0000:01:00.0    8-edge      nvme0q8
  69:          0          0          0          0          0          0          0          0          0 1252749967          0          0          0          0          0          0  IR-PCI-MSIX-0000:02:00.0    0-edge      eno1
  71:       5538          0          0          0          0          0          0          0          0          0          0          0          0          0          0          0  IR-PCI-MSIX-0000:65:00.6    0-edge      thunderbolt
  72:          0       5545          0          0          0          0          0          0          0          0          0          0          0          0          0          0  IR-PCI-MSIX-0000:65:00.6    1-edge      thunderbolt
  88:          0          0          0          0          0          0          0          0          0          0          0          0          0          0          0          0  IR-PCI-MSIX-0000:64:00.3    0-edge      xhci_hcd
  90:          0          0          0  209324385          0          0          0          0          0          0          0          0          0          0          0          0  IR-PCI-MSIX-0000:64:00.4    0-edge      xhci_hcd
  91:          0          0          0          0          0          0          0          0          0          0          0          0          0          0          0          0  IR-PCI-MSIX-0000:65:00.0    0-edge      xhci_hcd
  93:          0          0          0          0          0          0          0          0          0          0          0          0          0          0          0          0  IR-PCI-MSIX-0000:65:00.3    0-edge      xhci_hcd
  95:          0          0          0          0          0          0          0          0          0          0          0          0          0          0          0          0  IR-PCI-MSIX-0000:65:00.4    0-edge      xhci_hcd
  97:          0          0          0          0          0          0          0          0          0          0          0          0          0          0          0          0  IR-PCI-MSIX-0000:64:00.2    0-edge      psp-1
  99:          0          0          0          0          0          0          0          0          9          0          0          0          0          0          0          0  IR-PCI-MSIX-0000:03:00.0    0-edge      iwlwifi:default_queue
 100:          0          0          0          0          0          0          0          0          0          0          0          0          0          0          0          0  IR-PCI-MSIX-0000:03:00.0    1-edge      iwlwifi:queue_1
 101:          0          0          0          0          0          0          0          0          0          0          0          0          0          0          0          0  IR-PCI-MSIX-0000:03:00.0    2-edge      iwlwifi:queue_2
 102:          0          0          0          0          0          0          0          0          0          0          0          0          0          0          0          0  IR-PCI-MSIX-0000:03:00.0    3-edge      iwlwifi:queue_3
 103:          0          0          0          0          0          0          0          0          0          0          0          0          0          0          0          0  IR-PCI-MSIX-0000:03:00.0    4-edge      iwlwifi:queue_4
 104:          0          0          0          0          0          0          0          0          0          0          0          0          0          0          0          0  IR-PCI-MSIX-0000:03:00.0    5-edge      iwlwifi:queue_5
 105:          0          0          0          0          0          0          0          0          0          0          0          0          0          0          0          0  IR-PCI-MSIX-0000:03:00.0    6-edge      iwlwifi:queue_6
 106:          0          0          0          0          0          0          0          0          0          0          0          0          0          0          0          0  IR-PCI-MSIX-0000:03:00.0    7-edge      iwlwifi:queue_7
 107:          0          0          0          0          0          0          0          0          0          0          0          0          0          0          0          0  IR-PCI-MSIX-0000:03:00.0    8-edge      iwlwifi:queue_8
 108:          0          0          0          0          0          0          0          0          0          0          0          0          0          0          0          0  IR-PCI-MSIX-0000:03:00.0    9-edge      iwlwifi:queue_9
 109:          0          0          0          0          0          0          0          0          0          0          0          0          0          0          0          0  IR-PCI-MSIX-0000:03:00.0   10-edge      iwlwifi:queue_10
 110:          0          0          0          0          0          0          0          0          0          0          0          0          0          0          0          0  IR-PCI-MSIX-0000:03:00.0   11-edge      iwlwifi:queue_11
 111:          0          0          0          0          0          0          0          0          0          0          0          0          0          0          0          0  IR-PCI-MSIX-0000:03:00.0   12-edge      iwlwifi:queue_12
 112:          0          0          0          0          0          0          0          0          0          0          0          0          0          0          0          0  IR-PCI-MSIX-0000:03:00.0   13-edge      iwlwifi:queue_13
 113:          0          0          0          0          0          0          0          0          0          0          0          0          0          0          0          0  IR-PCI-MSIX-0000:03:00.0   14-edge      iwlwifi:queue_14
 114:          0          0          0          0          0          0          0          2          0          0          0          0          0          0          0          0  IR-PCI-MSIX-0000:03:00.0   15-edge      iwlwifi:exception
 116:          0          0          0          0          0          0          0          0          0          0          0          0          0          0      80934          0  IR-PCI-MSI-0000:64:00.1    0-edge      snd_hda_intel:card0
 117:          0          0          0          0          0          0          0          0          0          0          0          0          0          0          0       3447  IR-PCI-MSI-0000:64:00.6    0-edge      snd_hda_intel:card1
 118:          0          0          0          0          0          0          0          0          0          0    6552091          0          0          0          0          0  IR-PCI-MSIX-0000:64:00.0    0-edge      amdgpu
 NMI:     101891      71657     240184     168667     159615      52540     190958     159890      74882      40838      55101      28725      72972      35613     113227      31437   Non-maskable interrupts
 LOC: 1603052353 4253378436 1589468724   97980734 2501193542  253338469 1628402333   17702800 2787597832  958796207 2115113090 3893706098 1976670763 4032843521 1525875981 3593947915   Local timer interrupts
 SPU:          0          0          0          0          0          0          0          0          0          0          0          0          0          0          0          0   Spurious interrupts
 PMI:     101821      71631     240163     168661     159545      52401     190877     159868      74786      40824      55006      28713      72935      35530     113187      31350   Performance monitoring interrupts
 IWI:         78         24        141         21        257         65         37         29         39        121         52        229        196        119       2279         87   IRQ work interrupts
 RTR:          0          0          0          0          0          0          0          0          0          0          0          0          0          0          0          0   APIC ICR read retries
 RES:  166170080   87033021  142522457   59730554  166471951   73498676  127313844   58205934  152183782   83711462  170741098   88278062  159181353   84066355  174998855  101902766   Rescheduling interrupts
 CAL:   77408954 1305327802 4120929252  866265068 3787129095 1588904564 4172093645 1030627572 2088786001 2906325651 3484313684 1411006712 3643126967 1800591430 2394118909 1156056190   Function call interrupts
 TLB:  240331725  255484559  195472956  228464923  291646369  228412723  199184091  226510167  318573323  182159418  157423590   80450606  181443393  103300394  105487805   63872203   TLB shootdowns
 TRM:          0          0          0          0          0          0          0          0          0          0          0          0          0          0          0          0   Thermal event interrupts
 THR:          0          0          0          0          0          0          0          0          0          0          0          0          0          0          0          0   Threshold APIC interrupts
 DFR:          0          0          0          0          0          0          0          0          0          0          0          0          0          0          0          0   Deferred Error APIC interrupts
 MCE:          0          0          0          0          0          0          0          0          0          0          0          0          0          0          0          0   Machine check exceptions
 MCP:      51314      51314      51314      51314      51314      51314      51314      51314      51314      51314      51314      51314      51314      51314      51314      51314   Machine check polls
 ERR:          0
 MIS:          0
 PIN:          0          0          0          0          0          0          0          0          0          0          0          0          0          0          0          0   Posted-interrupt notification event
 NPI:          0          0          0          0          0          0          0          0          0          0          0          0          0          0          0          0   Nested posted-interrupt event
 PIW:          0          0          0          0          0          0          0          0          0          0          0          0          0          0          0          0   Posted-interrupt wakeup event

## softirqs
CPU0       CPU1       CPU2       CPU3       CPU4       CPU5       CPU6       CPU7       CPU8       CPU9       CPU10      CPU11      CPU12      CPU13      CPU14      CPU15      
          HI:          0          0          3        123        134          0          0          6          0          1          1          0          0          0          0          0
       TIMER:  247781107   89598417  282184903  245793940  186602790   70603026  235989902  161916903  146948628  276633688  111770600   46959424   99894732   50295687   75219244   43653306
      NET_TX:       1119        446       1208        547       1178        510       1388        576        804     246259        995        327        795        302        598        239
      NET_RX:   21772432    5326035   29727505   11563326   24048996    4660178   27967579   11503238   20543804 1972954770   18531727    2645303   15282532    2856837   11474809    2045142
       BLOCK:          0          0          0         12          0          0          0          0          0          0          0          0          0          0          0         29
    IRQ_POLL:          0          0          0          0          0          0          0          0          0          0          0          0          0          0          0          0
     TASKLET:        135         75        232  209316336        474         55        157        121        117    5120433         93         45         82         62         63         31
       SCHED: 1586905002  693781513 1109643127  674656636  961934047  390265276 1050116205  601677831  891522222  823114068  793699761  322046918  759829414  349505309  677565972  323397883
     HRTIMER:          7          6          7          1          7          1         10          2         11     203117         19          2         19          1          8          4
         RCU:  538912228  303324845  927242065  694117411  557940006  271574390  858125282  625612125  520482845  469272910  475473060  234420538  457629834  249355138  419376114  234922992

