## timestamp
2026-08-25T07:57:53.369661+00:00

## loadavg
1.57 0.96 0.95 3/1895 1233014

## uptime
15942705.47 244393398.29

## stat
cpu  572683411 106822 307360698 24439339829 8033132 0 51268493 0 0 0
cpu0 32671857 3901 22624574 1520820047 441792 0 42751267 0 0 0
cpu1 26482226 5615 11394402 1545242022 597058 0 5002223 0 0 0
cpu2 84983025 16296 49545058 1440723951 670830 0 735785 0 0 0
cpu3 85353240 23533 31105750 1466293688 770902 0 709942 0 0 0
cpu4 29534902 2911 20482828 1528026724 543361 0 342817 0 0 0
cpu5 19714929 3975 8142248 1557306201 737005 0 203284 0 0 0
cpu6 79680278 13336 46103638 1450314356 658989 0 76397 0 0 0
cpu7 82391671 21878 30203734 1471131027 785621 0 52800 0 0 0
cpu8 26277415 3094 16679246 1536822641 480118 0 52301 0 0 0
cpu9 17147849 2279 8062165 1557283833 585467 0 1185329 0 0 0
cpu10 18188891 1616 15031894 1549810406 337717 0 46367 0 0 0
cpu11 11889008 1494 6198018 1570253866 371643 0 25728 0 0 0
cpu12 19207047 2116 15046209 1548781385 285473 0 32996 0 0 0
cpu13 13137455 2005 7001276 1567911487 335813 0 14960 0 0 0
cpu14 14820377 1362 13170761 1557275689 212565 0 25156 0 0 0
cpu15 11203234 1406 6568890 1571342497 218772 0 11136 0 0 0
intr 72398370274 39 9 0 0 0 0 0 0 0 3173816 0 0 0 0 0 0 0 0 0 0 0 0 0 0 0 0 0 0 0 0 0 0 0 0 0 0 0 0 0 0 0 0 5488 5545 0 0 0 0 0 0 0 0 0 0 0 0 0 0 0 0 22 64684965 125719239 61134712 123774672 47157681 31111198 32082105 23619131 1250493421 0 5538 5545 0 0 0 0 0 0 0 0 0 0 0 0 0 0 0 0 0 209324385 0 0 0 0 0 0 0 0 9 0 0 0 0 0 0 0 0 0 0 0 0 0 0 2 0 80934 3447 6552091 0 0 0 0 0 0 0 0 0 0 0 0 0 0 0 0 0 0 0 0 0 0 0 0 0 0 0 0 0 0 0 0 0 0 0 0 0 0 0 0 0 0 0 0 0 0 0 0 0 0 0 0 0 0 0 0 0 0 0 0 0 0 0 0 0 0 0 0 0 0 0 0 0 0 0 0 0 0 0 0 0 0 0 0 0 0 0 0 0 0 0 0 0 0 0 0 0 0 0 0 0 0 0 0 0 0 0 0 0 0 0 0 0 0 0 0 0 0 0 0 0 0 0 0 0 0 0 0 0 0 0 0 0 0 0 0 0 0 0 0 0 0 0 0 0 0 0 0 0 0 0 0 0 0 0 0 0 0 0 0 0 0 0 0 0 0 0 0 0 0 0 0 0 0 0 0 0 0 0 0 0 0 0 0 0 0 0 0 0 0 0 0 0 0 0 0 0 0 0 0 0 0 0 0 0 0 0 0 0 0 0 0 0 0 0 0 0 0 0 0 0 0 0 0 0 0 0 0 0 0 0 0 0 0 0 0 0 0 0 0 0 0 0 0 0 0 0 0 0 0 0 0 0 0 0 0 0 0 0 0 0 0 0 0 0 0 0 0 0 0 0 0 0 0 0 0 0 0 0 0 0 0 0 0 0 0 0 0 0 0 0 0 0 0 0 0 0 0 0 0 0 0 0 0 0 0 0 0 0 0 0 0 0 0 0 0 0 0 0 0 0 0 0 0 0 0 0 0 0 0 0 0 0 0 0 0 0 0 0 0 0 0 0 0 0 0 0 0 0 0 0 0 0 0 0 0 0 0 0 0 0 0 0 0 0 0 0 0 0 0 0 0 0 0 0 0 0 0 0 0 0 0 0 0 0 0 0 0 0 0 0 0 0 0 0 0 0 0 0 0 0 0 0 0 0 0 0 0 0 0 0 0 0 0 0 0 0 0 0 0 0 0 0 0 0 0 0 0 0 0 0 0 0 0 0 0 0 0 0 0 0 0 0 0 0 0 0 0 0 0 0 0 0 0 0 0 0 0 0 0 0 0 0 0 0 0 0 0 0 0 0 0 0 0 0 0 0 0 0 0 0 0 0 0 0 0 0 0 0 0 0 0 0 0 0 0 0 0 0 0 0 0 0 0 0 0 0 0 0 0 0 0 0 0 0 0 0 0 0 0 0 0 0 0 0 0 0 0 0 0 0 0 0 0 0 0 0 0 0 0 0 0 0 0 0 0 0 0 0 0 0 0 0 0 0 0 0 0 0 0 0 0 0 0 0 0 0 0 0 0 0 0 0 0 0 0 0 0 0 0 0 0 0 0 0 0 0 0 0 0 0 0 0 0 0 0 0 0 0 0 0 0 0 0 0 0 0 0 0 0 0 0 0 0 0 0 0 0 0 0 0 0 0 0 0 0 0 0 0 0 0 0 0 0 0 0 0 0 0 0 0 0 0 0 0 0 0 0 0 0 0 0 0 0 0 0 0 0 0 0 0 0 0 0 0 0 0 0 0 0 0 0 0 0 0 0 0 0 0 0 0 0 0 0 0 0 0 0 0 0 0 0 0 0 0 0 0 0 0 0 0 0 0 0 0 0 0 0 0 0 0 0 0 0 0 0 0 0 0 0 0 0 0 0 0 0 0 0 0 0 0 0 0 0 0 0 0 0 0 0 0 0 0 0 0 0 0 0 0 0 0 0 0 0 0 0 0 0 0 0 0 0 0 0 0 0 0 0 0 0 0 0 0 0 0 0 0 0 0 0 0 0 0 0 0 0 0 0 0 0 0 0 0 0 0 0 0 0 0 0 0 0 0 0 0 0 0 0 0 0 0 0 0 0 0 0 0 0 0 0 0 0 0 0 0 0 0 0 0 0 0 0 0 0 0 0 0 0 0 0 0 0 0 0 0 0 0 0 0 0 0 0 0 0 0 0 0 0 0 0 0 0 0 0 0 0 0 0 0 0 0 0 0 0 0 0 0 0 0 0 0 0 0 0 0 0 0 0 0 0 0 0 0 0 0 0 0 0 0 0 0 0 0 0 0 0 0 0 0 0 0 0 0 0 0 0 0 0 0 0 0 0 0 0 0 0 0 0 0 0 0 0 0 0 0 0 0 0 0 0 0 0 0 0 0 0 0 0 0 0 0 0 0 0 0 0 0 0 0 0 0 0 0 0 0 0 0 0 0 0 0 0 0 0 0 0 0
ctxt 377707407701
btime 1771701967
processes 319882633
procs_running 2
procs_blocked 0
softirq 24571729155 268 2367357847 257076 2179138141 41 0 214433801 3398060821 202123 3527377149

## interrupts
CPU0       CPU1       CPU2       CPU3       CPU4       CPU5       CPU6       CPU7       CPU8       CPU9       CPU10      CPU11      CPU12      CPU13      CPU14      CPU15      
   0:         39          0          0          0          0          0          0          0          0          0          0          0          0          0          0          0  IR-IO-APIC    2-edge      timer
   1:          0          0          0          0          0          0          0          0          0          0          0          9          0          0          0          0  IR-IO-APIC    1-edge      i8042
   7:          0          0          0          0          0          0          0          0          0          0          0          0          0          0          0          0  IR-IO-APIC    7-fasteoi   pinctrl_amd
   8:          0          0          0          0          0          0          0          0          0          0          0          0          0          0          0          0  IR-IO-APIC    8-edge      rtc0
   9:          0    3173816          0          0          0          0          0          0          0          0          0          0          0          0          0          0  IR-IO-APIC    9-fasteoi   acpi
  24:          0          0          0          0          0          0          0          0          0          0          0          0          0          0          0          0  PCI-MSI-0000:00:00.2    0-edge      AMD-Vi
  25:          0          0          0          0          0          0          0          0          0          0          0          0          0          0          0          0  amd_gpio    0  ACPI:Event
  26:          0          0          0          0          0          0          0          0          0          0          0          0          0          0          0          0  amd_gpio   44  ACPI:Event
  27:          0          0          0          0          0          0          0          0          0          0          0          0          0          0          0          0  amd_gpio   61  ACPI:Event
  28:          0          0          0          0          0          0          0          0          0          0          0          0          0          0          0          0  amd_gpio   62  ACPI:Event
  29:          0          0          0          0          0          0          0          0          0          0          0          0          0          0          0          0  amd_gpio   58  ACPI:Event
  30:          0          0          0          0          0          0          0          0          0          0          0          0          0          0          0          0  amd_gpio   59  ACPI:Event
  31:          0          0          0          0          0          0          0          0          0          0          0          0          0          0          0          0  amd_gpio    3  ACPI:Event
  32:          0          0          0          0          0          0          0          0          0          0          0          0          0          0          0          0  amd_gpio   18  ACPI:Event
  33:          0          0          0          0          0          0          0          0          0          0          0          0          0          0          0          0  amd_gpio   24  ACPI:Event
  34:          0          0          0          0          0          0          0          0          0          0          0          0          0          0          0          0  IR-PCI-MSI-0000:00:01.2    0-edge      PCIe PME
  35:          0          0          0          0          0          0          0          0          0          0          0          0          0          0          0          0  IR-PCI-MSI-0000:00:02.1    0-edge      PCIe PME
  36:          0          0          0          0          0          0          0          0          0          0          0          0          0          0          0          0  IR-PCI-MSI-0000:00:02.2    0-edge      PCIe PME
  37:          0          0          0          0          0          0          0          0          0          0          0          0          0          0          0          0  IR-PCI-MSI-0000:00:03.1    0-edge      PCIe PME, aerdrv, pciehp
  38:          0          0          0          0          0          0          0          0          0          0          0          0          0          0          0          0  IR-PCI-MSI-0000:00:04.1    0-edge      PCIe PME, aerdrv, pciehp
  39:          0          0          0          0          0          0          0          0          0          0          0          0          0          0          0          0  IR-PCI-MSI-0000:00:08.1    0-edge      PCIe PME
  40:          0          0          0          0          0          0          0          0          0          0          0          0          0          0          0          0  IR-PCI-MSI-0000:00:08.3    0-edge      PCIe PME, aerdrv
  42:          0          0          0          0          0          0          0          0          0          0          0          0          0       5488          0          0  IR-PCI-MSIX-0000:65:00.5    0-edge      thunderbolt
  43:          0          0          0          0          0          0          0          0          0          0          0          0          0          0       5545          0  IR-PCI-MSIX-0000:65:00.5    1-edge      thunderbolt
  60:          0          0          0          0          0          0          0          0          0          0          0          0          0          0          0         22  IR-PCI-MSIX-0000:01:00.0    0-edge      nvme0q0
  61:          0   64684965          0          0          0          0          0          0          0          0          0          0          0          0          0          0  IR-PCI-MSIX-0000:01:00.0    1-edge      nvme0q1
  62:          0          0          0  125719239          0          0          0          0          0          0          0          0          0          0          0          0  IR-PCI-MSIX-0000:01:00.0    2-edge      nvme0q2
  63:          0          0          0          0          0   61134712          0          0          0          0          0          0          0          0          0          0  IR-PCI-MSIX-0000:01:00.0    3-edge      nvme0q3
  64:          0          0          0          0          0          0          0  123774672          0          0          0          0          0          0          0          0  IR-PCI-MSIX-0000:01:00.0    4-edge      nvme0q4
  65:          0          0          0          0          0          0          0          0          0   47157681          0          0          0          0          0          0  IR-PCI-MSIX-0000:01:00.0    5-edge      nvme0q5
  66:          0          0          0          0          0          0          0          0          0          0          0   31111198          0          0          0          0  IR-PCI-MSIX-0000:01:00.0    6-edge      nvme0q6
  67:          0          0          0          0          0          0          0          0          0          0          0          0          0   32082105          0          0  IR-PCI-MSIX-0000:01:00.0    7-edge      nvme0q7
  68:          0          0          0          0          0          0          0          0          0          0          0          0          0          0          0   23619131  IR-PCI-MSIX-0000:01:00.0    8-edge      nvme0q8
  69:          0          0          0          0          0          0          0          0          0 1250493421          0          0          0          0          0          0  IR-PCI-MSIX-0000:02:00.0    0-edge      eno1
  71:       5538          0          0          0          0          0          0          0          0          0          0          0          0          0          0          0  IR-PCI-MSIX-0000:65:00.6    0-edge      thunderbolt
  72:          0       5545          0          0          0          0          0          0          0          0          0          0          0          0          0          0  IR-PCI-MSIX-0000:65:00.6    1-edge      thunderbolt
  88:          0          0          0          0          0          0          0          0          0          0          0          0          0          0          0          0  IR-PCI-MSIX-0000:64:00.3    0-edge      xhci_hcd
  90:          0          0          0  209324385          0          0          0          0          0          0          0          0          0          0          0          0  IR-PCI-MSIX-0000:64:00.4    0-edge      xhci_hcd
  91:          0          0          0          0          0          0          0          0          0          0          0          0          0          0          0          0  IR-PCI-MSIX-0000:65:00.0    0-edge      xhci_hcd
  93:          0          0          0          0          0          0          0          0          0          0          0          0          0          0          0          0  IR-PCI-MSIX-0000:65:00.3    0-edge      xhci_hcd
  95:          0          0          0          0          0          0          0          0          0          0          0          0          0          0          0          0  IR-PCI-MSIX-0000:65:00.4    0-edge      xhci_hcd
  97:          0          0          0          0          0          0          0          0          0          0          0          0          0          0          0          0  IR-PCI-MSIX-0000:64:00.2    0-edge      psp-1
  99:          0          0          0          0          0          0          0          0          9          0          0          0          0          0          0          0  IR-PCI-MSIX-0000:03:00.0    0-edge      iwlwifi:default_queue
 100:          0          0          0          0          0          0          0          0          0          0          0          0          0          0          0          0  IR-PCI-MSIX-0000:03:00.0    1-edge      iwlwifi:queue_1
 101:          0          0          0          0          0          0          0          0          0          0          0          0          0          0          0          0  IR-PCI-MSIX-0000:03:00.0    2-edge      iwlwifi:queue_2
 102:          0          0          0          0          0          0          0          0          0          0          0          0          0          0          0          0  IR-PCI-MSIX-0000:03:00.0    3-edge      iwlwifi:queue_3
 103:          0          0          0          0          0          0          0          0          0          0          0          0          0          0          0          0  IR-PCI-MSIX-0000:03:00.0    4-edge      iwlwifi:queue_4
 104:          0          0          0          0          0          0          0          0          0          0          0          0          0          0          0          0  IR-PCI-MSIX-0000:03:00.0    5-edge      iwlwifi:queue_5
 105:          0          0          0          0          0          0          0          0          0          0          0          0          0          0          0          0  IR-PCI-MSIX-0000:03:00.0    6-edge      iwlwifi:queue_6
 106:          0          0          0          0          0          0          0          0          0          0          0          0          0          0          0          0  IR-PCI-MSIX-0000:03:00.0    7-edge      iwlwifi:queue_7
 107:          0          0          0          0          0          0          0          0          0          0          0          0          0          0          0          0  IR-PCI-MSIX-0000:03:00.0    8-edge      iwlwifi:queue_8
 108:          0          0          0          0          0          0          0          0          0          0          0          0          0          0          0          0  IR-PCI-MSIX-0000:03:00.0    9-edge      iwlwifi:queue_9
 109:          0          0          0          0          0          0          0          0          0          0          0          0          0          0          0          0  IR-PCI-MSIX-0000:03:00.0   10-edge      iwlwifi:queue_10
 110:          0          0          0          0          0          0          0          0          0          0          0          0          0          0          0          0  IR-PCI-MSIX-0000:03:00.0   11-edge      iwlwifi:queue_11
 111:          0          0          0          0          0          0          0          0          0          0          0          0          0          0          0          0  IR-PCI-MSIX-0000:03:00.0   12-edge      iwlwifi:queue_12
 112:          0          0          0          0          0          0          0          0          0          0          0          0          0          0          0          0  IR-PCI-MSIX-0000:03:00.0   13-edge      iwlwifi:queue_13
 113:          0          0          0          0          0          0          0          0          0          0          0          0          0          0          0          0  IR-PCI-MSIX-0000:03:00.0   14-edge      iwlwifi:queue_14
 114:          0          0          0          0          0          0          0          2          0          0          0          0          0          0          0          0  IR-PCI-MSIX-0000:03:00.0   15-edge      iwlwifi:exception
 116:          0          0          0          0          0          0          0          0          0          0          0          0          0          0      80934          0  IR-PCI-MSI-0000:64:00.1    0-edge      snd_hda_intel:card0
 117:          0          0          0          0          0          0          0          0          0          0          0          0          0          0          0       3447  IR-PCI-MSI-0000:64:00.6    0-edge      snd_hda_intel:card1
 118:          0          0          0          0          0          0          0          0          0          0    6552091          0          0          0          0          0  IR-PCI-MSIX-0000:64:00.0    0-edge      amdgpu
 NMI:     101761      71552     239903     168418     159492      52458     190698     159640      74768      40762      55029      28681      55877      35562      44419      31395   Non-maskable interrupts
 LOC: 1600133538 4251279229 1585615030   95359178 2498123614  251438527 1624818034   15068355 2784827372  954730772 2112641954 3892179882 1974455104 4031180185 1523625817 3592362371   Local timer interrupts
 SPU:          0          0          0          0          0          0          0          0          0          0          0          0          0          0          0          0   Spurious interrupts
 PMI:     101691      71526     239882     168412     159422      52319     190617     159618      74672      40748      54934      28669      55840      35479      44379      31308   Performance monitoring interrupts
 IWI:         78         24        140         21        257         65         37         29         39        120         52        219        111        119        271         87   IRQ work interrupts
 RTR:          0          0          0          0          0          0          0          0          0          0          0          0          0          0          0          0   APIC ICR read retries
 RES:  165684120   86723455  142075366   59509765  165977731   73176569  126911214   57991720  151715380   83368432  170199358   87867529  158660635   83687821  174443490  101451638   Rescheduling interrupts
 CAL:   68735813 1300040208 4112644299  860840831 3778987975 1584497583 4163862299 1025051233 2081280819 2902392739 3477276282 1407630198 3635904344 1797078955 2389020822 1153067664   Function call interrupts
 TLB:  238789912  254241139  194392859  227552965  289916888  227466512  198029232  225583178  316909850  181547673  156760792   80248215  180711103  103004606  105206265   63701742   TLB shootdowns
 TRM:          0          0          0          0          0          0          0          0          0          0          0          0          0          0          0          0   Thermal event interrupts
 THR:          0          0          0          0          0          0          0          0          0          0          0          0          0          0          0          0   Threshold APIC interrupts
 DFR:          0          0          0          0          0          0          0          0          0          0          0          0          0          0          0          0   Deferred Error APIC interrupts
 MCE:          0          0          0          0          0          0          0          0          0          0          0          0          0          0          0          0   Machine check exceptions
 MCP:      51214      51214      51214      51214      51214      51214      51214      51214      51214      51214      51214      51214      51214      51214      51214      51214   Machine check polls
 ERR:          0
 MIS:          0
 PIN:          0          0          0          0          0          0          0          0          0          0          0          0          0          0          0          0   Posted-interrupt notification event
 NPI:          0          0          0          0          0          0          0          0          0          0          0          0          0          0          0          0   Nested posted-interrupt event
 PIW:          0          0          0          0          0          0          0          0          0          0          0          0          0          0          0          0   Posted-interrupt wakeup event

## softirqs
CPU0       CPU1       CPU2       CPU3       CPU4       CPU5       CPU6       CPU7       CPU8       CPU9       CPU10      CPU11      CPU12      CPU13      CPU14      CPU15      
          HI:          0          0          3        123        134          0          0          6          0          1          1          0          0          0          0          0
       TIMER:  247330015   89391415  281668154  245488097  186265132   70437393  235569889  161625028  146696517  276059505  111557101   46844440   99707123   50176100   74990438   43551500
      NET_TX:       1117        446       1207        547       1176        510       1388        576        804     246051        995        327        794        302        597        239
      NET_RX:   21750132    5318635   29701324   11554956   24026399    4652989   27945913   11494866   20524349 1969399252   18511022    2639529   15264828    2852758   11459987    2041202
       BLOCK:          0          0          0         12          0          0          0          0          0          0          0          0          0          0          0         29
    IRQ_POLL:          0          0          0          0          0          0          0          0          0          0          0          0          0          0          0          0
     TASKLET:        135         75        232  209316336        474         55        157        121        117    5115723         93         45         82         62         63         31
       SCHED: 1584123564  692342269 1107627620  673314468  960381121  389354119 1048259038  600379228  890178891  821377244  792508214  321335282  758702347  348738123  676640775  322733110
     HRTIMER:          7          6          7          1          7          1         10          2         11     202018         19          2         19          1          8          4
         RCU:  537935225  302608061  925369436  692475963  556977739  270955262  856455246  624133163  519619074  468313886  474718521  233932757  456902670  248834148  418660650  234452644

