## timestamp
2026-08-25T16:40:31.067741+00:00

## loadavg
0.53 1.03 1.05 1/1852 1771820

## uptime
15974063.17 244876004.18

## stat
cpu  573888154 106837 307859649 24487600418 8045200 0 51355077 0 0 0
cpu0 32736654 3902 22656929 1523837475 442499 0 42818965 0 0 0
cpu1 26540364 5616 11417316 1548288316 597662 0 5011836 0 0 0
cpu2 85113380 16297 49616067 1443627774 671800 0 737754 0 0 0
cpu3 85480686 23535 31162357 1469232409 772113 0 711040 0 0 0
cpu4 29601790 2911 20512420 1531050408 544181 0 344156 0 0 0
cpu5 19763454 3976 8159345 1560369923 737817 0 203969 0 0 0
cpu6 79798945 13340 46170583 1453236858 659892 0 76604 0 0 0
cpu7 82520048 21878 30258852 1474070461 786741 0 52983 0 0 0
cpu8 26343047 3094 16704035 1539855741 480961 0 52510 0 0 0
cpu9 17187234 2280 8078151 1560346788 586208 0 1188359 0 0 0
cpu10 18224448 1616 15055945 1552876085 338569 0 46532 0 0 0
cpu11 11913356 1496 6210480 1573347621 372181 0 25828 0 0 0
cpu12 19258828 2117 15069699 1551831539 286111 0 33093 0 0 0
cpu13 13165851 2005 7015440 1570999497 336278 0 15018 0 0 0
cpu14 15014085 1362 13190599 1560191139 212986 0 25231 0 0 0
cpu15 11225979 1406 6581425 1574438377 219194 0 11192 0 0 0
intr 72548527735 39 9 0 0 0 0 0 0 0 3180058 0 0 0 0 0 0 0 0 0 0 0 0 0 0 0 0 0 0 0 0 0 0 0 0 0 0 0 0 0 0 0 0 5488 5545 0 0 0 0 0 0 0 0 0 0 0 0 0 0 0 0 22 64745396 125845421 61191656 123876991 47209474 31170383 32125431 23644502 1252819451 0 5538 5545 0 0 0 0 0 0 0 0 0 0 0 0 0 0 0 0 0 209324385 0 0 0 0 0 0 0 0 9 0 0 0 0 0 0 0 0 0 0 0 0 0 0 2 0 80934 3447 6552091 0 0 0 0 0 0 0 0 0 0 0 0 0 0 0 0 0 0 0 0 0 0 0 0 0 0 0 0 0 0 0 0 0 0 0 0 0 0 0 0 0 0 0 0 0 0 0 0 0 0 0 0 0 0 0 0 0 0 0 0 0 0 0 0 0 0 0 0 0 0 0 0 0 0 0 0 0 0 0 0 0 0 0 0 0 0 0 0 0 0 0 0 0 0 0 0 0 0 0 0 0 0 0 0 0 0 0 0 0 0 0 0 0 0 0 0 0 0 0 0 0 0 0 0 0 0 0 0 0 0 0 0 0 0 0 0 0 0 0 0 0 0 0 0 0 0 0 0 0 0 0 0 0 0 0 0 0 0 0 0 0 0 0 0 0 0 0 0 0 0 0 0 0 0 0 0 0 0 0 0 0 0 0 0 0 0 0 0 0 0 0 0 0 0 0 0 0 0 0 0 0 0 0 0 0 0 0 0 0 0 0 0 0 0 0 0 0 0 0 0 0 0 0 0 0 0 0 0 0 0 0 0 0 0 0 0 0 0 0 0 0 0 0 0 0 0 0 0 0 0 0 0 0 0 0 0 0 0 0 0 0 0 0 0 0 0 0 0 0 0 0 0 0 0 0 0 0 0 0 0 0 0 0 0 0 0 0 0 0 0 0 0 0 0 0 0 0 0 0 0 0 0 0 0 0 0 0 0 0 0 0 0 0 0 0 0 0 0 0 0 0 0 0 0 0 0 0 0 0 0 0 0 0 0 0 0 0 0 0 0 0 0 0 0 0 0 0 0 0 0 0 0 0 0 0 0 0 0 0 0 0 0 0 0 0 0 0 0 0 0 0 0 0 0 0 0 0 0 0 0 0 0 0 0 0 0 0 0 0 0 0 0 0 0 0 0 0 0 0 0 0 0 0 0 0 0 0 0 0 0 0 0 0 0 0 0 0 0 0 0 0 0 0 0 0 0 0 0 0 0 0 0 0 0 0 0 0 0 0 0 0 0 0 0 0 0 0 0 0 0 0 0 0 0 0 0 0 0 0 0 0 0 0 0 0 0 0 0 0 0 0 0 0 0 0 0 0 0 0 0 0 0 0 0 0 0 0 0 0 0 0 0 0 0 0 0 0 0 0 0 0 0 0 0 0 0 0 0 0 0 0 0 0 0 0 0 0 0 0 0 0 0 0 0 0 0 0 0 0 0 0 0 0 0 0 0 0 0 0 0 0 0 0 0 0 0 0 0 0 0 0 0 0 0 0 0 0 0 0 0 0 0 0 0 0 0 0 0 0 0 0 0 0 0 0 0 0 0 0 0 0 0 0 0 0 0 0 0 0 0 0 0 0 0 0 0 0 0 0 0 0 0 0 0 0 0 0 0 0 0 0 0 0 0 0 0 0 0 0 0 0 0 0 0 0 0 0 0 0 0 0 0 0 0 0 0 0 0 0 0 0 0 0 0 0 0 0 0 0 0 0 0 0 0 0 0 0 0 0 0 0 0 0 0 0 0 0 0 0 0 0 0 0 0 0 0 0 0 0 0 0 0 0 0 0 0 0 0 0 0 0 0 0 0 0 0 0 0 0 0 0 0 0 0 0 0 0 0 0 0 0 0 0 0 0 0 0 0 0 0 0 0 0 0 0 0 0 0 0 0 0 0 0 0 0 0 0 0 0 0 0 0 0 0 0 0 0 0 0 0 0 0 0 0 0 0 0 0 0 0 0 0 0 0 0 0 0 0 0 0 0 0 0 0 0 0 0 0 0 0 0 0 0 0 0 0 0 0 0 0 0 0 0 0 0 0 0 0 0 0 0 0 0 0 0 0 0 0 0 0 0 0 0 0 0 0 0 0 0 0 0 0 0 0 0 0 0 0 0 0 0 0 0 0 0 0 0 0 0 0 0 0 0 0 0 0 0 0 0 0 0 0 0 0 0 0 0 0 0 0 0 0 0 0 0 0 0 0 0 0 0 0 0 0 0 0 0 0 0 0 0 0 0 0 0 0 0 0 0 0 0 0 0 0 0 0 0 0 0 0 0 0 0 0 0 0 0 0 0 0 0 0 0 0 0 0 0 0 0 0 0 0 0 0 0 0 0 0 0 0 0 0 0 0 0 0 0 0 0 0 0 0 0 0 0 0 0 0 0 0 0 0 0 0 0 0 0 0 0 0 0 0 0 0 0 0 0 0 0 0 0 0 0 0 0 0 0
ctxt 378121585469
btime 1771701967
processes 320421282
procs_running 1
procs_blocked 0
softirq 24617985656 268 2371921391 257296 2183013213 41 0 214438656 3420099364 203263 3543150276

## interrupts
CPU0       CPU1       CPU2       CPU3       CPU4       CPU5       CPU6       CPU7       CPU8       CPU9       CPU10      CPU11      CPU12      CPU13      CPU14      CPU15      
   0:         39          0          0          0          0          0          0          0          0          0          0          0          0          0          0          0  IR-IO-APIC    2-edge      timer
   1:          0          0          0          0          0          0          0          0          0          0          0          9          0          0          0          0  IR-IO-APIC    1-edge      i8042
   7:          0          0          0          0          0          0          0          0          0          0          0          0          0          0          0          0  IR-IO-APIC    7-fasteoi   pinctrl_amd
   8:          0          0          0          0          0          0          0          0          0          0          0          0          0          0          0          0  IR-IO-APIC    8-edge      rtc0
   9:          0    3180058          0          0          0          0          0          0          0          0          0          0          0          0          0          0  IR-IO-APIC    9-fasteoi   acpi
  24:          0          0          0          0          0          0          0          0          0          0          0          0          0          0          0          0  PCI-MSI-0000:00:00.2    0-edge      AMD-Vi
  25:          0          0          0          0          0          0          0          0          0          0          0          0          0          0          0          0  amd_gpio    0  ACPI:Event
  26:          0          0          0          0          0          0          0          0          0          0          0          0          0          0          0          0  amd_gpio   44  ACPI:Event
  27:          0          0          0          0          0          0          0          0          0          0          0          0          0          0          0          0  amd_gpio   61  ACPI:Event
  28:          0          0          0          0          0          0          0          0          0          0          0          0          0          0          0          0  amd_gpio   62  ACPI:Event
  29:          0          0          0          0          0          0          0          0          0          0          0          0          0          0          0          0  amd_gpio   58  ACPI:Event
  30:          0          0          0          0          0          0          0          0          0          0          0          0          0          0          0          0  amd_gpio   59  ACPI:Event
  31:          0          0          0          0          0          0          0          0          0          0          0          0          0          0          0          0  amd_gpio    3  ACPI:Event
  32:          0          0          0          0          0          0          0          0          0          0          0          0          0          0          0          0  amd_gpio   18  ACPI:Event
  33:          0          0          0          0          0          0          0          0          0          0          0          0          0          0          0          0  amd_gpio   24  ACPI:Event
  34:          0          0          0          0          0          0          0          0          0          0          0          0          0          0          0          0  IR-PCI-MSI-0000:00:01.2    0-edge      PCIe PME
  35:          0          0          0          0          0          0          0          0          0          0          0          0          0          0          0          0  IR-PCI-MSI-0000:00:02.1    0-edge      PCIe PME
  36:          0          0          0          0          0          0          0          0          0          0          0          0          0          0          0          0  IR-PCI-MSI-0000:00:02.2    0-edge      PCIe PME
  37:          0          0          0          0          0          0          0          0          0          0          0          0          0          0          0          0  IR-PCI-MSI-0000:00:03.1    0-edge      PCIe PME, aerdrv, pciehp
  38:          0          0          0          0          0          0          0          0          0          0          0          0          0          0          0          0  IR-PCI-MSI-0000:00:04.1    0-edge      PCIe PME, aerdrv, pciehp
  39:          0          0          0          0          0          0          0          0          0          0          0          0          0          0          0          0  IR-PCI-MSI-0000:00:08.1    0-edge      PCIe PME
  40:          0          0          0          0          0          0          0          0          0          0          0          0          0          0          0          0  IR-PCI-MSI-0000:00:08.3    0-edge      PCIe PME, aerdrv
  42:          0          0          0          0          0          0          0          0          0          0          0          0          0       5488          0          0  IR-PCI-MSIX-0000:65:00.5    0-edge      thunderbolt
  43:          0          0          0          0          0          0          0          0          0          0          0          0          0          0       5545          0  IR-PCI-MSIX-0000:65:00.5    1-edge      thunderbolt
  60:          0          0          0          0          0          0          0          0          0          0          0          0          0          0          0         22  IR-PCI-MSIX-0000:01:00.0    0-edge      nvme0q0
  61:          0   64745396          0          0          0          0          0          0          0          0          0          0          0          0          0          0  IR-PCI-MSIX-0000:01:00.0    1-edge      nvme0q1
  62:          0          0          0  125845421          0          0          0          0          0          0          0          0          0          0          0          0  IR-PCI-MSIX-0000:01:00.0    2-edge      nvme0q2
  63:          0          0          0          0          0   61191656          0          0          0          0          0          0          0          0          0          0  IR-PCI-MSIX-0000:01:00.0    3-edge      nvme0q3
  64:          0          0          0          0          0          0          0  123876991          0          0          0          0          0          0          0          0  IR-PCI-MSIX-0000:01:00.0    4-edge      nvme0q4
  65:          0          0          0          0          0          0          0          0          0   47209474          0          0          0          0          0          0  IR-PCI-MSIX-0000:01:00.0    5-edge      nvme0q5
  66:          0          0          0          0          0          0          0          0          0          0          0   31170383          0          0          0          0  IR-PCI-MSIX-0000:01:00.0    6-edge      nvme0q6
  67:          0          0          0          0          0          0          0          0          0          0          0          0          0   32125431          0          0  IR-PCI-MSIX-0000:01:00.0    7-edge      nvme0q7
  68:          0          0          0          0          0          0          0          0          0          0          0          0          0          0          0   23644502  IR-PCI-MSIX-0000:01:00.0    8-edge      nvme0q8
  69:          0          0          0          0          0          0          0          0          0 1252819451          0          0          0          0          0          0  IR-PCI-MSIX-0000:02:00.0    0-edge      eno1
  71:       5538          0          0          0          0          0          0          0          0          0          0          0          0          0          0          0  IR-PCI-MSIX-0000:65:00.6    0-edge      thunderbolt
  72:          0       5545          0          0          0          0          0          0          0          0          0          0          0          0          0          0  IR-PCI-MSIX-0000:65:00.6    1-edge      thunderbolt
  88:          0          0          0          0          0          0          0          0          0          0          0          0          0          0          0          0  IR-PCI-MSIX-0000:64:00.3    0-edge      xhci_hcd
  90:          0          0          0  209324385          0          0          0          0          0          0          0          0          0          0          0          0  IR-PCI-MSIX-0000:64:00.4    0-edge      xhci_hcd
  91:          0          0          0          0          0          0          0          0          0          0          0          0          0          0          0          0  IR-PCI-MSIX-0000:65:00.0    0-edge      xhci_hcd
  93:          0          0          0          0          0          0          0          0          0          0          0          0          0          0          0          0  IR-PCI-MSIX-0000:65:00.3    0-edge      xhci_hcd
  95:          0          0          0          0          0          0          0          0          0          0          0          0          0          0          0          0  IR-PCI-MSIX-0000:65:00.4    0-edge      xhci_hcd
  97:          0          0          0          0          0          0          0          0          0          0          0          0          0          0          0          0  IR-PCI-MSIX-0000:64:00.2    0-edge      psp-1
  99:          0          0          0          0          0          0          0          0          9          0          0          0          0          0          0          0  IR-PCI-MSIX-0000:03:00.0    0-edge      iwlwifi:default_queue
 100:          0          0          0          0          0          0          0          0          0          0          0          0          0          0          0          0  IR-PCI-MSIX-0000:03:00.0    1-edge      iwlwifi:queue_1
 101:          0          0          0          0          0          0          0          0          0          0          0          0          0          0          0          0  IR-PCI-MSIX-0000:03:00.0    2-edge      iwlwifi:queue_2
 102:          0          0          0          0          0          0          0          0          0          0          0          0          0          0          0          0  IR-PCI-MSIX-0000:03:00.0    3-edge      iwlwifi:queue_3
 103:          0          0          0          0          0          0          0          0          0          0          0          0          0          0          0          0  IR-PCI-MSIX-0000:03:00.0    4-edge      iwlwifi:queue_4
 104:          0          0          0          0          0          0          0          0          0          0          0          0          0          0          0          0  IR-PCI-MSIX-0000:03:00.0    5-edge      iwlwifi:queue_5
 105:          0          0          0          0          0          0          0          0          0          0          0          0          0          0          0          0  IR-PCI-MSIX-0000:03:00.0    6-edge      iwlwifi:queue_6
 106:          0          0          0          0          0          0          0          0          0          0          0          0          0          0          0          0  IR-PCI-MSIX-0000:03:00.0    7-edge      iwlwifi:queue_7
 107:          0          0          0          0          0          0          0          0          0          0          0          0          0          0          0          0  IR-PCI-MSIX-0000:03:00.0    8-edge      iwlwifi:queue_8
 108:          0          0          0          0          0          0          0          0          0          0          0          0          0          0          0          0  IR-PCI-MSIX-0000:03:00.0    9-edge      iwlwifi:queue_9
 109:          0          0          0          0          0          0          0          0          0          0          0          0          0          0          0          0  IR-PCI-MSIX-0000:03:00.0   10-edge      iwlwifi:queue_10
 110:          0          0          0          0          0          0          0          0          0          0          0          0          0          0          0          0  IR-PCI-MSIX-0000:03:00.0   11-edge      iwlwifi:queue_11
 111:          0          0          0          0          0          0          0          0          0          0          0          0          0          0          0          0  IR-PCI-MSIX-0000:03:00.0   12-edge      iwlwifi:queue_12
 112:          0          0          0          0          0          0          0          0          0          0          0          0          0          0          0          0  IR-PCI-MSIX-0000:03:00.0   13-edge      iwlwifi:queue_13
 113:          0          0          0          0          0          0          0          0          0          0          0          0          0          0          0          0  IR-PCI-MSIX-0000:03:00.0   14-edge      iwlwifi:queue_14
 114:          0          0          0          0          0          0          0          2          0          0          0          0          0          0          0          0  IR-PCI-MSIX-0000:03:00.0   15-edge      iwlwifi:exception
 116:          0          0          0          0          0          0          0          0          0          0          0          0          0          0      80934          0  IR-PCI-MSI-0000:64:00.1    0-edge      snd_hda_intel:card0
 117:          0          0          0          0          0          0          0          0          0          0          0          0          0          0          0       3447  IR-PCI-MSI-0000:64:00.6    0-edge      snd_hda_intel:card1
 118:          0          0          0          0          0          0          0          0          0          0    6552091          0          0          0          0          0  IR-PCI-MSIX-0000:64:00.0    0-edge      amdgpu
 NMI:     101893      71658     240191     168674     159617      52541     190964     159895      74884      40840      55102      28726      75446      35614     115431      31438   Non-maskable interrupts
 LOC: 1603165191 4253480146 1589562651   98084624 2501298925  253407128 1628531612   17800431 2787719857  958913542 2115206032 3893757198 1976724977 4032937036 1526009120 3594025994   Local timer interrupts
 SPU:          0          0          0          0          0          0          0          0          0          0          0          0          0          0          0          0   Spurious interrupts
 PMI:     101823      71632     240170     168668     159547      52402     190883     159873      74788      40826      55007      28714      75409      35531     115391      31351   Performance monitoring interrupts
 IWI:         78         24        141         21        257         65         37         29         39        121         52        231        196        119       2279         87   IRQ work interrupts
 RTR:          0          0          0          0          0          0          0          0          0          0          0          0          0          0          0          0   APIC ICR read retries
 RES:  166177588   87037610  142529352   59733607  166479697   73503521  127319973   58208965  152190982   83716650  170749525   88284188  159199507   84072194  175010797  101910050   Rescheduling interrupts
 CAL:   77584451 1305448928 4121068825  866372760 3787278663 1588994682 4172239556 1030721059 2088944047 2906410704 3484448871 1411070336 3643931073 1800693334 2394618841 1156131366   Function call interrupts
 TLB:  240355269  255506918  195495810  228481660  291671872  228423955  199195442  226519556  318594633  182168239  157432538   80451316  181452405  103306735  105491705   63874310   TLB shootdowns
 TRM:          0          0          0          0          0          0          0          0          0          0          0          0          0          0          0          0   Thermal event interrupts
 THR:          0          0          0          0          0          0          0          0          0          0          0          0          0          0          0          0   Threshold APIC interrupts
 DFR:          0          0          0          0          0          0          0          0          0          0          0          0          0          0          0          0   Deferred Error APIC interrupts
 MCE:          0          0          0          0          0          0          0          0          0          0          0          0          0          0          0          0   Machine check exceptions
 MCP:      51315      51315      51315      51315      51315      51315      51315      51315      51315      51315      51315      51315      51315      51315      51315      51315   Machine check polls
 ERR:          0
 MIS:          0
 PIN:          0          0          0          0          0          0          0          0          0          0          0          0          0          0          0          0   Posted-interrupt notification event
 NPI:          0          0          0          0          0          0          0          0          0          0          0          0          0          0          0          0   Nested posted-interrupt event
 PIW:          0          0          0          0          0          0          0          0          0          0          0          0          0          0          0          0   Posted-interrupt wakeup event

## softirqs
CPU0       CPU1       CPU2       CPU3       CPU4       CPU5       CPU6       CPU7       CPU8       CPU9       CPU10      CPU11      CPU12      CPU13      CPU14      CPU15      
          HI:          0          0          3        123        134          0          0          6          0          1          1          0          0          0          0          0
       TIMER:  247789230   89601661  282192561  245799842  186607922   70605295  235996455  161921559  146952429  276646249  111773622   46960753   99898718   50297699   75222607   43654789
      NET_TX:       1119        446       1208        547       1178        510       1388        576        804     246264        995        327        795        302        598        239
      NET_RX:   21773196    5326356   29727826   11563443   24049675    4660434   27968044   11503485   20544377 1973058385   18532333    2645382   15282865    2857001   11475141    2045270
       BLOCK:          0          0          0         12          0          0          0          0          0          0          0          0          0          0          0         29
    IRQ_POLL:          0          0          0          0          0          0          0          0          0          0          0          0          0          0          0          0
     TASKLET:        135         75        232  209316336        474         55        157        121        117    5120578         93         45         82         62         63         31
       SCHED: 1586959384  693807561 1109671690  674677116  961959415  390280334 1050143527  601696698  891545035  823144318  793720272  322057389  759854038  349518216  677590264  323408699
     HRTIMER:          7          6          7          1          7          1         10          2         11     203158         19          2         19          1          8          4
         RCU:  538929625  303337334  927284581  694163258  557955977  271584365  858170533  625655261  520497386  469289310  475486317  234427936  457647416  249364827  419392775  234930671

